0,0,107,32,0,0,0,10,53320,-1,-1,-1,-1,-1,-1
0,0,109,20,0,0,0,19,100644,-1,-1,-1,-1,-1,-1
0,0,106,28,0,0,0,26,137745,-1,-1,-1,-1,-1,-1
0,0,108,32,0,0,0,67,354281,-1,-1,-1,-1,-1,-1
0,0,105,30,0,0,1,94,501089,-1,-1,-1,-1,-1,-1
0,0,110,26,0,0,1,93,495898,-1,-1,-1,-1,-1,-1
0,0,102,30,0,0,1,85,453562,-1,-1,-1,-1,-1,-1
0,0,104,32,0,0,1,80,427144,-1,-1,-1,-1,-1,-1
0,0,103,20,0,0,1,73,390383,-1,-1,-1,-1,-1,-1
0,0,101,27,0,0,1,69,369135,-1,-1,-1,-1,-1,-1
0,1,113,28,0,0,0,1,5757,-1,-1,-1,-1,-1,-1
0,1,112,34,0,0,0,2,11143,-1,-1,-1,-1,-1,-1
0,1,114,23,0,0,0,32,169349,-1,-1,-1,-1,-1,-1
0,1,115,23,0,0,0,43,227430,-1,-1,-1,-1,-1,-1
0,1,121,32,0,0,0,63,333161,-1,-1,-1,-1,-1,-1
0,1,119,29,0,0,1,99,527518,-1,-1,-1,-1,-1,-1
0,1,117,25,0,0,1,96,511742,-1,-1,-1,-1,-1,-1
0,1,122,28,0,0,1,87,464182,-1,-1,-1,-1,-1,-1
0,1,118,29,0,0,1,77,411351,-1,-1,-1,-1,-1,-1
0,1,111,28,0,0,1,41,221276,-1,-1,-1,-1,-1,-1
0,1,120,25,0,0,1,27,147434,-1,-1,-1,-1,-1,-1
0,1,116,32,0,0,1,18,99778,-1,-1,-1,-1,-1,-1
0,2,131,32,0,0,0,11,58609,-1,-1,-1,-1,-1,-1
0,2,133,19,0,0,0,19,100623,-1,-1,-1,-1,-1,-1
0,2,136,27,0,0,0,22,116600,-1,-1,-1,-1,-1,-1
0,2,132,25,0,0,0,24,127127,-1,-1,-1,-1,-1,-1
0,2,126,34,0,0,0,36,190655,-1,-1,-1,-1,-1,-1
0,2,130,32,0,0,0,37,195888,-1,-1,-1,-1,-1,-1
0,2,140,27,0,0,0,47,248593,-1,-1,-1,-1,-1,-1
0,2,123,20,0,0,0,48,253777,-1,-1,-1,-1,-1,-1
0,2,128,34,0,0,0,77,407127,-1,-1,-1,-1,-1,-1
0,2,127,30,0,0,1,91,485249,-1,-1,-1,-1,-1,-1
0,2,138,28,0,0,1,79,421942,-1,-1,-1,-1,-1,-1
0,2,139,26,0,0,1,68,363898,-1,-1,-1,-1,-1,-1
0,2,124,28,0,0,1,65,348003,-1,-1,-1,-1,-1,-1
0,2,129,32,0,0,1,61,326832,-1,-1,-1,-1,-1,-1
0,2,125,27,0,0,1,56,300502,-1,-1,-1,-1,-1,-1
0,2,134,32,0,0,1,53,284599,-1,-1,-1,-1,-1,-1
0,2,137,26,0,0,1,33,179098,-1,-1,-1,-1,-1,-1
0,2,135,30,0,0,1,31,168463,-1,-1,-1,-1,-1,-1
0,3,148,20,0,0,0,4,21453,-1,-1,-1,-1,-1,-1
0,3,150,25,0,0,0,25,132407,-1,-1,-1,-1,-1,-1
0,3,146,25,0,0,0,29,153537,-1,-1,-1,-1,-1,-1
0,3,147,20,0,0,0,43,227381,-1,-1,-1,-1,-1,-1
0,3,153,27,0,0,0,53,280286,-1,-1,-1,-1,-1,-1
0,3,154,28,0,0,1,97,516976,-1,-1,-1,-1,-1,-1
0,3,144,20,0,0,1,93,495986,-1,-1,-1,-1,-1,-1
0,3,151,27,0,0,1,76,406114,-1,-1,-1,-1,-1,-1
0,3,143,34,0,0,1,75,400697,-1,-1,-1,-1,-1,-1
0,3,145,25,0,0,1,70,374462,-1,-1,-1,-1,-1,-1
0,3,149,20,0,0,1,59,316472,-1,-1,-1,-1,-1,-1
0,3,141,34,0,0,1,54,289818,-1,-1,-1,-1,-1,-1
0,3,152,26,0,0,1,50,268852,-1,-1,-1,-1,-1,-1
0,4,157,25,0,0,0,1,5701,-1,-1,-1,-1,-1,-1
0,4,155,18,0,0,0,4,21405,-1,-1,-1,-1,-1,-1
0,4,165,28,0,0,0,5,26858,-1,-1,-1,-1,-1,-1
0,4,164,32,0,0,0,44,232841,-1,-1,-1,-1,-1,-1
0,4,163,20,0,0,0,48,253767,-1,-1,-1,-1,-1,-1
0,4,156,25,0,0,1,97,517040,-1,-1,-1,-1,-1,-1
0,4,142,23,0,0,1,79,422015,-1,-1,-1,-1,-1,-1
0,4,158,30,0,0,1,64,342682,-1,-1,-1,-1,-1,-1
0,4,161,29,0,0,1,47,252951,-1,-1,-1,-1,-1,-1
0,4,159,22,0,0,1,27,147466,-1,-1,-1,-1,-1,-1
0,5,171,20,0,0,0,3,16168,-1,-1,-1,-1,-1,-1
0,5,170,23,0,0,0,25,132380,-1,-1,-1,-1,-1,-1
0,5,175,34,0,0,0,27,143118,-1,-1,-1,-1,-1,-1
0,5,167,25,0,0,0,29,153538,-1,-1,-1,-1,-1,-1
0,5,174,34,0,0,0,31,164240,-1,-1,-1,-1,-1,-1
0,5,168,26,0,0,0,35,185234,-1,-1,-1,-1,-1,-1
0,5,166,32,0,0,0,70,370143,-1,-1,-1,-1,-1,-1
0,5,172,25,0,0,1,90,480074,-1,-1,-1,-1,-1,-1
0,5,173,25,0,0,1,89,474799,-1,-1,-1,-1,-1,-1
0,5,169,32,0,0,1,82,437704,-1,-1,-1,-1,-1,-1
0,5,162,21,0,0,1,79,422064,-1,-1,-1,-1,-1,-1
0,5,176,34,0,0,1,28,152568,-1,-1,-1,-1,-1,-1
0,6,160,16,0,0,0,4,21376,-1,-1,-1,-1,-1,-1
0,6,187,32,0,0,0,21,111408,-1,-1,-1,-1,-1,-1
0,6,184,30,0,0,0,36,190584,-1,-1,-1,-1,-1,-1
0,6,191,28,0,0,0,38,201091,-1,-1,-1,-1,-1,-1
0,6,180,21,0,0,0,43,227404,-1,-1,-1,-1,-1,-1
0,6,189,28,0,0,0,45,238058,-1,-1,-1,-1,-1,-1
0,6,183,27,0,0,0,51,269732,-1,-1,-1,-1,-1,-1
0,6,179,29,0,0,0,68,359542,-1,-1,-1,-1,-1,-1
0,6,188,22,0,0,1,93,495953,-1,-1,-1,-1,-1,-1
0,6,178,32,0,0,1,91,485208,-1,-1,-1,-1,-1,-1
0,6,185,29,0,0,1,80,427199,-1,-1,-1,-1,-1,-1
0,6,182,19,0,0,1,79,422104,-1,-1,-1,-1,-1,-1
0,6,181,25,0,0,1,54,289983,-1,-1,-1,-1,-1,-1
0,6,177,23,0,0,1,51,274164,-1,-1,-1,-1,-1,-1
0,6,190,23,0,0,1,26,142185,-1,-1,-1,-1,-1,-1
0,7,196,29,0,0,0,11,58574,-1,-1,-1,-1,-1,-1
0,7,192,32,0,0,0,16,85030,-1,-1,-1,-1,-1,-1
0,7,186,21,0,0,0,25,132347,-1,-1,-1,-1,-1,-1
0,7,195,25,0,0,0,32,169396,-1,-1,-1,-1,-1,-1
0,7,194,27,0,0,0,35,185266,-1,-1,-1,-1,-1,-1
0,7,193,21,0,0,0,43,227378,-1,-1,-1,-1,-1,-1
0,7,198,29,0,0,0,59,312009,-1,-1,-1,-1,-1,-1
0,7,197,32,0,0,1,92,490505,-1,-1,-1,-1,-1,-1
0,7,201,29,0,0,1,78,416638,-1,-1,-1,-1,-1,-1
0,7,200,28,0,0,1,69,369129,-1,-1,-1,-1,-1,-1
0,7,199,29,0,0,1,65,347985,-1,-1,-1,-1,-1,-1
0,8,202,23,0,0,0,5,26787,-1,-1,-1,-1,-1,-1
0,8,3,23,0,0,0,8,45345,-1,-1,-1,-1,-1,-1
0,8,205,30,0,0,0,39,206417,-1,-1,-1,-1,-1,-1
0,8,209,26,0,0,0,42,222176,-1,-1,-1,-1,-1,-1
0,8,210,24,0,0,0,51,269666,-1,-1,-1,-1,-1,-1
0,8,207,34,0,0,0,57,301519,-1,-1,-1,-1,-1,-1
0,8,204,30,0,0,1,85,453574,-1,-1,-1,-1,-1,-1
0,8,211,27,0,0,1,77,411409,-1,-1,-1,-1,-1,-1
0,8,208,23,0,0,1,74,395625,-1,-1,-1,-1,-1,-1
0,8,206,23,0,0,1,71,379786,-1,-1,-1,-1,-1,-1
0,8,203,29,0,0,1,55,295185,-1,-1,-1,-1,-1,-1
0,9,221,25,0,0,0,7,37361,-1,-1,-1,-1,-1,-1
0,9,220,29,0,0,0,21,111361,-1,-1,-1,-1,-1,-1
0,9,213,26,0,0,0,36,190525,-1,-1,-1,-1,-1,-1
0,9,215,26,0,0,0,41,216920,-1,-1,-1,-1,-1,-1
0,9,214,28,0,0,0,46,243357,-1,-1,-1,-1,-1,-1
0,9,222,29,0,0,0,59,311996,-1,-1,-1,-1,-1,-1
0,9,219,23,0,0,0,60,317180,-1,-1,-1,-1,-1,-1
0,9,223,34,0,0,0,73,385999,-1,-1,-1,-1,-1,-1
0,9,216,23,0,0,1,96,511774,-1,-1,-1,-1,-1,-1
0,9,224,27,0,0,1,83,443086,-1,-1,-1,-1,-1,-1
0,9,218,23,0,0,1,67,358655,-1,-1,-1,-1,-1,-1
0,10,227,30,0,0,0,8,42765,-1,-1,-1,-1,-1,-1
0,10,226,23,0,0,0,10,53195,-1,-1,-1,-1,-1,-1
0,10,232,28,0,0,0,11,58549,-1,-1,-1,-1,-1,-1
0,10,236,28,0,0,0,18,95498,-1,-1,-1,-1,-1,-1
0,10,234,26,0,0,0,28,148268,-1,-1,-1,-1,-1,-1
0,10,235,29,0,0,0,46,243352,-1,-1,-1,-1,-1,-1
0,10,217,22,0,0,0,51,269636,-1,-1,-1,-1,-1,-1
0,10,212,32,0,0,0,57,301510,-1,-1,-1,-1,-1,-1
0,10,228,34,0,0,0,66,349063,-1,-1,-1,-1,-1,-1
0,10,230,26,0,0,0,69,364760,-1,-1,-1,-1,-1,-1
0,10,225,20,0,0,1,81,432618,-1,-1,-1,-1,-1,-1
0,10,233,23,0,0,1,67,358673,-1,-1,-1,-1,-1,-1
0,10,231,34,0,0,1,61,326774,-1,-1,-1,-1,-1,-1
3,10,231,-1,0,-1,-1,-1,-1,0,-1,-1,-1,-1,60
0,10,237,20,0,0,1,59,316478,-1,-1,-1,-1,-1,-1
0,10,229,26,0,0,1,54,289962,-1,-1,-1,-1,-1,-1
0,11,254,27,0,0,0,2,10999,-1,-1,-1,-1,-1,-1
0,11,238,23,0,0,0,3,16233,-1,-1,-1,-1,-1,-1
0,11,249,27,0,0,0,6,32126,-1,-1,-1,-1,-1,-1
0,11,240,23,0,0,0,10,53169,-1,-1,-1,-1,-1,-1
0,11,241,34,0,0,0,37,195946,-1,-1,-1,-1,-1,-1
0,11,243,28,0,0,0,45,238082,-1,-1,-1,-1,-1,-1
0,11,250,20,0,0,0,46,243202,-1,-1,-1,-1,-1,-1
0,11,248,23,0,0,0,73,385816,-1,-1,-1,-1,-1,-1
0,11,253,34,0,0,1,99,527438,-1,-1,-1,-1,-1,-1
0,11,257,30,0,0,1,92,490544,-1,-1,-1,-1,-1,-1
0,11,247,34,0,0,1,86,458793,-1,-1,-1,-1,-1,-1
0,11,244,30,0,0,1,75,400770,-1,-1,-1,-1,-1,-1
0,11,246,23,0,0,1,74,395624,-1,-1,-1,-1,-1,-1
0,11,252,32,0,0,1,60,321552,-1,-1,-1,-1,-1,-1
0,11,258,32,0,0,1,47,252925,-1,-1,-1,-1,-1,-1
0,11,239,25,0,0,1,44,237176,-1,-1,-1,-1,-1,-1
0,12,242,28,0,0,0,18,95515,-1,-1,-1,-1,-1,-1
0,12,259,26,0,0,0,19,100770,-1,-1,-1,-1,-1,-1
0,12,265,23,0,0,0,27,142945,-1,-1,-1,-1,-1,-1
0,12,260,26,0,0,0,28,148280,-1,-1,-1,-1,-1,-1
0,12,263,20,0,0,0,31,164013,-1,-1,-1,-1,-1,-1
0,12,262,26,0,0,0,61,322520,-1,-1,-1,-1,-1,-1
0,12,264,24,0,0,1,99,527605,-1,-1,-1,-1,-1,-1
0,12,261,25,0,0,1,93,495892,-1,-1,-1,-1,-1,-1
0,12,269,27,0,0,1,84,448366,-1,-1,-1,-1,-1,-1
0,12,251,23,0,0,1,75,400907,-1,-1,-1,-1,-1,-1
0,12,245,21,0,0,1,67,358690,-1,-1,-1,-1,-1,-1
0,12,266,29,0,0,1,63,337438,-1,-1,-1,-1,-1,-1
0,12,268,30,0,0,1,62,332136,-1,-1,-1,-1,-1,-1
0,13,274,28,0,0,0,1,5764,-1,-1,-1,-1,-1,-1
0,13,256,27,0,0,0,2,11010,-1,-1,-1,-1,-1,-1
0,13,278,20,0,0,0,6,32014,-1,-1,-1,-1,-1,-1
0,13,273,20,0,0,0,8,42581,-1,-1,-1,-1,-1,-1
0,13,255,28,0,0,0,18,95507,-1,-1,-1,-1,-1,-1
0,13,277,25,0,0,0,25,132433,-1,-1,-1,-1,-1,-1
0,13,290,27,0,0,0,28,148278,-1,-1,-1,-1,-1,-1
0,13,286,31,0,0,0,38,201157,-1,-1,-1,-1,-1,-1
0,13,267,20,0,0,0,46,243210,-1,-1,-1,-1,-1,-1
0,13,287,30,0,0,0,52,275057,-1,-1,-1,-1,-1,-1
0,13,284,30,0,0,1,98,522216,-1,-1,-1,-1,-1,-1
0,13,281,27,0,0,1,89,474754,-1,-1,-1,-1,-1,-1
0,13,283,28,0,0,1,87,464175,-1,-1,-1,-1,-1,-1
0,13,289,23,0,0,1,86,458993,-1,-1,-1,-1,-1,-1
0,13,285,26,0,0,1,79,421973,-1,-1,-1,-1,-1,-1
0,13,288,29,0,0,1,57,305764,-1,-1,-1,-1,-1,-1
0,13,271,23,0,0,1,51,274165,-1,-1,-1,-1,-1,-1
0,13,276,30,0,0,1,39,210675,-1,-1,-1,-1,-1,-1
0,14,293,27,0,0,0,2,11012,-1,-1,-1,-1,-1,-1
0,14,272,19,0,0,0,27,142890,-1,-1,-1,-1,-1,-1
0,14,270,17,0,0,0,31,163957,-1,-1,-1,-1,-1,-1
0,14,302,27,0,0,0,41,216913,-1,-1,-1,-1,-1,-1
0,14,301,26,0,0,0,42,222176,-1,-1,-1,-1,-1,-1
0,14,280,20,0,0,0,46,243191,-1,-1,-1,-1,-1,-1
0,14,282,20,0,0,1,99,527665,-1,-1,-1,-1,-1,-1
0,14,297,23,0,0,1,93,495948,-1,-1,-1,-1,-1,-1
0,14,294,20,0,0,1,91,485433,-1,-1,-1,-1,-1,-1
0,14,275,20,0,0,1,84,448469,-1,-1,-1,-1,-1,-1
0,14,299,26,0,0,1,77,411422,-1,-1,-1,-1,-1,-1
0,14,291,30,0,0,1,73,390203,-1,-1,-1,-1,-1,-1
0,14,300,27,0,0,1,72,385000,-1,-1,-1,-1,-1,-1
0,14,292,23,0,0,1,68,363933,-1,-1,-1,-1,-1,-1
0,14,298,30,0,0,1,45,242382,-1,-1,-1,-1,-1,-1
0,14,279,30,0,0,1,39,210687,-1,-1,-1,-1,-1,-1
0,15,310,28,0,0,0,7,37434,-1,-1,-1,-1,-1,-1
0,15,296,16,0,0,0,31,163930,-1,-1,-1,-1,-1,-1
0,15,307,29,0,0,0,54,285616,-1,-1,-1,-1,-1,-1
0,15,303,29,0,0,0,86,454582,-1,-1,-1,-1,-1,-1
0,15,305,26,0,0,1,96,511705,-1,-1,-1,-1,-1,-1
0,15,314,23,0,0,1,86,458982,-1,-1,-1,-1,-1,-1
0,15,316,25,0,0,1,75,400868,-1,-1,-1,-1,-1,-1
0,15,295,22,0,0,1,68,363963,-1,-1,-1,-1,-1,-1
0,15,308,32,0,0,1,64,342655,-1,-1,-1,-1,-1,-1
0,15,311,30,0,0,1,62,332127,-1,-1,-1,-1,-1,-1
0,15,309,29,0,0,1,56,300464,-1,-1,-1,-1,-1,-1
0,15,304,20,0,0,1,32,173898,-1,-1,-1,-1,-1,-1
0,15,312,30,0,0,1,31,168447,-1,-1,-1,-1,-1,-1
0,16,325,27,0,0,0,1,5714,-1,-1,-1,-1,-1,-1
0,16,329,27,0,0,0,28,148273,-1,-1,-1,-1,-1,-1
0,16,320,29,0,0,0,37,195855,-1,-1,-1,-1,-1,-1
0,16,319,32,0,0,0,39,206465,-1,-1,-1,-1,-1,-1
0,16,327,20,0,0,0,41,216799,-1,-1,-1,-1,-1,-1
0,16,306,19,0,0,0,46,243194,-1,-1,-1,-1,-1,-1
0,16,315,23,0,0,0,86,454466,-1,-1,-1,-1,-1,-1
0,16,326,28,0,0,1,97,516982,-1,-1,-1,-1,-1,-1
0,16,318,28,0,0,1,95,506396,-1,-1,-1,-1,-1,-1
0,16,321,25,0,0,1,94,501184,-1,-1,-1,-1,-1,-1
0,16,323,26,0,0,1,89,474778,-1,-1,-1,-1,-1,-1
0,16,322,30,0,0,1,83,443021,-1,-1,-1,-1,-1,-1
0,16,324,32,0,0,1,70,374350,-1,-1,-1,-1,-1,-1
0,16,313,27,0,0,1,56,300515,-1,-1,-1,-1,-1,-1
0,17,339,27,0,0,0,10,53237,-1,-1,-1,-1,-1,-1
0,17,338,27,0,0,0,24,127166,-1,-1,-1,-1,-1,-1
0,17,332,28,0,0,0,38,201116,-1,-1,-1,-1,-1,-1
0,17,337,32,0,0,1,98,522190,-1,-1,-1,-1,-1,-1
0,17,335,25,0,0,1,94,501186,-1,-1,-1,-1,-1,-1
0,17,336,20,0,0,1,90,480156,-1,-1,-1,-1,-1,-1
0,17,317,24,0,0,1,86,458952,-1,-1,-1,-1,-1,-1
0,17,328,25,0,0,1,83,443123,-1,-1,-1,-1,-1,-1
0,17,331,26,0,0,1,80,427243,-1,-1,-1,-1,-1,-1
0,17,340,27,0,0,1,66,353327,-1,-1,-1,-1,-1,-1
0,17,333,25,0,0,1,65,348067,-1,-1,-1,-1,-1,-1
0,17,334,30,0,0,1,49,263496,-1,-1,-1,-1,-1,-1
0,17,330,32,0,0,1,36,194810,-1,-1,-1,-1,-1,-1
0,18,354,28,0,0,0,0,458,-1,-1,-1,-1,-1,-1
0,18,345,27,0,0,0,2,11022,-1,-1,-1,-1,-1,-1
0,18,358,23,0,0,0,5,26765,-1,-1,-1,-1,-1,-1
0,18,352,23,0,0,0,8,42624,-1,-1,-1,-1,-1,-1
0,18,343,20,0,0,0,9,47862,-1,-1,-1,-1,-1,-1
0,18,348,29,0,0,0,18,95539,-1,-1,-1,-1,-1,-1
0,18,346,17,0,0,0,41,216745,-1,-1,-1,-1,-1,-1
0,18,341,23,0,0,1,97,517046,-1,-1,-1,-1,-1,-1
0,18,350,27,0,0,1,96,511712,-1,-1,-1,-1,-1,-1
0,18,359,22,0,0,1,86,459009,-1,-1,-1,-1,-1,-1
0,18,357,20,0,0,1,80,427359,-1,-1,-1,-1,-1,-1
0,18,353,20,0,0,1,74,395678,-1,-1,-1,-1,-1,-1
0,18,342,27,0,0,1,69,369141,-1,-1,-1,-1,-1,-1
0,18,349,22,0,0,1,65,348120,-1,-1,-1,-1,-1,-1
0,18,347,25,0,0,1,62,332230,-1,-1,-1,-1,-1,-1
0,18,344,20,0,0,1,43,231983,-1,-1,-1,-1,-1,-1
0,18,351,25,0,0,1,42,226634,-1,-1,-1,-1,-1,-1
0,19,368,26,0,0,0,4,21541,-1,-1,-1,-1,-1,-1
0,19,363,27,0,0,0,7,37412,-1,-1,-1,-1,-1,-1
0,19,365,29,0,0,0,30,158882,-1,-1,-1,-1,-1,-1
0,19,360,30,0,0,0,40,211725,-1,-1,-1,-1,-1,-1
0,19,367,25,0,0,0,78,412246,-1,-1,-1,-1,-1,-1
0,19,355,22,0,0,1,94,501223,-1,-1,-1,-1,-1,-1
0,19,364,17,0,0,1,90,480210,-1,-1,-1,-1,-1,-1
0,19,366,20,0,0,1,87,464314,-1,-1,-1,-1,-1,-1
0,19,361,20,0,0,1,64,342864,-1,-1,-1,-1,-1,-1
0,20,371,27,0,0,0,7,37400,-1,-1,-1,-1,-1,-1
0,20,377,28,0,0,0,12,63818,-1,-1,-1,-1,-1,-1
0,20,373,20,0,0,0,14,74253,-1,-1,-1,-1,-1,-1
0,20,370,20,0,0,0,17,90097,-1,-1,-1,-1,-1,-1
0,20,378,23,0,0,0,22,116525,-1,-1,-1,-1,-1,-1
0,20,374,26,0,0,0,36,190511,-1,-1,-1,-1,-1,-1
0,20,372,31,0,0,0,60,317337,-1,-1,-1,-1,-1,-1
0,20,375,27,0,0,0,74,391166,-1,-1,-1,-1,-1,-1
0,20,356,21,0,0,1,94,501252,-1,-1,-1,-1,-1,-1
0,20,362,20,0,0,1,80,427362,-1,-1,-1,-1,-1,-1
0,20,376,28,0,0,1,77,411370,-1,-1,-1,-1,-1,-1
0,20,369,29,0,0,1,72,384942,-1,-1,-1,-1,-1,-1
0,21,379,20,0,0,0,4,21454,-1,-1,-1,-1,-1,-1
0,21,381,26,0,0,0,38,201078,-1,-1,-1,-1,-1,-1
0,21,380,16,0,0,0,41,216762,-1,-1,-1,-1,-1,-1
0,21,385,32,0,0,0,54,285638,-1,-1,-1,-1,-1,-1
0,21,383,20,0,0,0,77,406888,-1,-1,-1,-1,-1,-1
0,22,386,23,0,0,0,2,10950,-1,-1,-1,-1,-1,-1
0,22,391,22,0,0,0,5,26765,-1,-1,-1,-1,-1,-1
0,22,394,25,0,0,0,6,32081,-1,-1,-1,-1,-1,-1
0,22,382,28,0,0,0,7,37434,-1,-1,-1,-1,-1,-1
0,22,384,21,0,0,0,17,90119,-1,-1,-1,-1,-1,-1
0,22,387,25,0,0,0,18,95458,-1,-1,-1,-1,-1,-1
0,22,390,34,0,0,0,35,185378,-1,-1,-1,-1,-1,-1
0,22,389,29,0,0,0,37,195854,-1,-1,-1,-1,-1,-1
0,22,393,34,0,0,0,58,306800,-1,-1,-1,-1,-1,-1
0,22,392,23,0,0,1,91,485383,-1,-1,-1,-1,-1,-1
0,22,395,25,0,0,1,73,390325,-1,-1,-1,-1,-1,-1
0,23,388,21,0,0,0,4,21476,-1,-1,-1,-1,-1,-1
0,23,399,25,0,0,0,10,53210,-1,-1,-1,-1,-1,-1
0,23,397,25,0,0,0,12,63780,-1,-1,-1,-1,-1,-1
0,23,400,30,0,0,0,23,121951,-1,-1,-1,-1,-1,-1
0,23,403,28,0,0,0,24,127178,-1,-1,-1,-1,-1,-1
0,23,406,33,0,0,0,25,132544,-1,-1,-1,-1,-1,-1
0,23,405,20,0,0,0,53,280156,-1,-1,-1,-1,-1,-1
0,23,398,20,0,0,1,96,511825,-1,-1,-1,-1,-1,-1
0,23,396,20,0,0,1,87,464298,-1,-1,-1,-1,-1,-1
4,23,396,-1,0,-1,-1,-1,-1,1,0,0,0,0,-1
0,23,401,28,0,0,1,77,411374,-1,-1,-1,-1,-1,-1
0,23,404,32,0,0,1,76,406045,-1,-1,-1,-1,-1,-1
0,24,402,24,0,0,0,12,63762,-1,-1,-1,-1,-1,-1
0,24,410,28,0,0,0,28,148318,-1,-1,-1,-1,-1,-1
0,24,417,23,0,0,0,35,185172,-1,-1,-1,-1,-1,-1
0,24,416,28,0,0,0,37,195815,-1,-1,-1,-1,-1,-1
0,24,411,30,0,0,0,38,201145,-1,-1,-1,-1,-1,-1
0,24,409,32,0,0,0,52,275105,-1,-1,-1,-1,-1,-1
0,24,412,25,0,0,0,55,290812,-1,-1,-1,-1,-1,-1
0,24,415,22,0,0,1,74,395638,-1,-1,-1,-1,-1,-1
0,24,419,32,0,0,1,70,374365,-1,-1,-1,-1,-1,-1
0,24,418,34,0,0,1,61,326798,-1,-1,-1,-1,-1,-1
0,24,408,27,0,0,1,50,268822,-1,-1,-1,-1,-1,-1
0,24,407,27,0,0,1,44,237136,-1,-1,-1,-1,-1,-1
0,24,414,34,0,0,1,38,205353,-1,-1,-1,-1,-1,-1
0,25,413,23,0,0,0,12,63723,-1,-1,-1,-1,-1,-1
0,25,426,25,0,0,0,47,248564,-1,-1,-1,-1,-1,-1
0,25,431,29,0,0,0,49,259188,-1,-1,-1,-1,-1,-1
0,25,424,28,0,0,0,52,275028,-1,-1,-1,-1,-1,-1
0,25,425,26,0,0,1,93,495892,-1,-1,-1,-1,-1,-1
0,25,428,25,0,0,1,91,485345,-1,-1,-1,-1,-1,-1
0,25,429,32,0,0,1,85,453557,-1,-1,-1,-1,-1,-1
0,25,421,25,0,0,1,64,342779,-1,-1,-1,-1,-1,-1
0,25,422,26,0,0,1,63,337489,-1,-1,-1,-1,-1,-1
0,25,423,23,0,0,1,60,321696,-1,-1,-1,-1,-1,-1
0,25,420,32,0,0,1,52,279297,-1,-1,-1,-1,-1,-1
0,25,427,26,0,0,1,35,189658,-1,-1,-1,-1,-1,-1
0,26,436,27,0,0,0,18,95479,-1,-1,-1,-1,-1,-1
0,26,433,30,0,0,0,25,132504,-1,-1,-1,-1,-1,-1
2,26,433,-1,-1,-1,-1,-1,-1,2,-1,-1,-1,-1,-1
0,26,440,30,0,0,0,30,158892,-1,-1,-1,-1,-1,-1
0,26,435,30,0,0,0,37,195853,-1,-1,-1,-1,-1,-1
0,26,437,26,0,0,0,55,290816,-1,-1,-1,-1,-1,-1
0,26,432,25,0,0,0,64,338338,-1,-1,-1,-1,-1,-1
0,26,439,22,0,0,1,74,395651,-1,-1,-1,-1,-1,-1
0,26,434,25,0,0,1,46,247759,-1,-1,-1,-1,-1,-1
0,26,438,29,0,0,1,42,226564,-1,-1,-1,-1,-1,-1
0,27,447,32,0,0,0,1,5803,-1,-1,-1,-1,-1,-1
0,27,449,20,0,0,0,2,10880,-1,-1,-1,-1,-1,-1
0,27,453,23,0,0,0,4,21489,-1,-1,-1,-1,-1,-1
0,27,442,29,0,0,0,8,42729,-1,-1,-1,-1,-1,-1
0,27,443,24,0,0,0,17,90171,-1,-1,-1,-1,-1,-1
0,27,444,22,0,0,0,41,216842,-1,-1,-1,-1,-1,-1
0,27,448,30,0,0,0,48,253937,-1,-1,-1,-1,-1,-1
0,27,441,27,0,0,0,51,269738,-1,-1,-1,-1,-1,-1
0,27,457,25,0,0,0,76,401675,-1,-1,-1,-1,-1,-1
0,27,450,25,0,0,1,99,527603,-1,-1,-1,-1,-1,-1
0,27,451,27,0,0,1,97,517000,-1,-1,-1,-1,-1,-1
0,27,455,25,0,0,1,91,485358,-1,-1,-1,-1,-1,-1
0,27,446,28,0,0,1,68,363855,-1,-1,-1,-1,-1,-1
0,27,445,27,0,0,1,66,353308,-1,-1,-1,-1,-1,-1
0,27,430,23,0,0,1,60,321679,-1,-1,-1,-1,-1,-1
0,27,452,25,0,0,1,49,263602,-1,-1,-1,-1,-1,-1
0,27,456,27,0,0,1,37,200207,-1,-1,-1,-1,-1,-1
0,28,464,30,0,0,0,0,512,-1,-1,-1,-1,-1,-1
0,28,459,27,0,0,0,6,32144,-1,-1,-1,-1,-1,-1
0,28,454,29,0,0,0,8,42713,-1,-1,-1,-1,-1,-1
0,28,471,20,0,0,0,22,116485,-1,-1,-1,-1,-1,-1
0,28,466,28,0,0,0,29,153585,-1,-1,-1,-1,-1,-1
0,28,463,32,0,0,0,33,174776,-1,-1,-1,-1,-1,-1
0,28,460,30,0,0,0,37,195882,-1,-1,-1,-1,-1,-1
0,28,461,32,0,0,0,65,343743,-1,-1,-1,-1,-1,-1
0,28,470,26,0,0,1,78,416695,-1,-1,-1,-1,-1,-1
0,28,462,29,0,0,1,77,411345,-1,-1,-1,-1,-1,-1
0,28,465,26,0,0,1,52,279408,-1,-1,-1,-1,-1,-1
0,28,469,32,0,0,1,47,252910,-1,-1,-1,-1,-1,-1
0,28,458,27,0,0,1,34,184336,-1,-1,-1,-1,-1,-1
0,29,468,26,0,0,0,0,424,-1,-1,-1,-1,-1,-1
0,29,481,26,0,0,0,20,106028,-1,-1,-1,-1,-1,-1
0,29,477,21,0,0,0,41,216828,-1,-1,-1,-1,-1,-1
0,29,474,29,0,0,0,50,264496,-1,-1,-1,-1,-1,-1
0,29,482,25,0,0,1,99,527593,-1,-1,-1,-1,-1,-1
0,29,467,28,0,0,1,97,516966,-1,-1,-1,-1,-1,-1
0,29,473,27,0,0,1,88,469456,-1,-1,-1,-1,-1,-1
0,29,478,27,0,0,1,87,464191,-1,-1,-1,-1,-1,-1
0,29,475,20,0,0,1,76,406225,-1,-1,-1,-1,-1,-1
0,29,480,28,0,0,1,69,369135,-1,-1,-1,-1,-1,-1
0,29,484,25,0,0,1,46,247753,-1,-1,-1,-1,-1,-1
0,29,476,34,0,0,1,45,242294,-1,-1,-1,-1,-1,-1
0,29,483,24,0,0,1,37,200250,-1,-1,-1,-1,-1,-1
0,30,494,26,0,0,0,4,21539,-1,-1,-1,-1,-1,-1
0,30,107,41,0,1,0,10,54978,-1,-1,-1,-1,-1,-1
0,30,109,21,0,2,0,19,101358,-1,-1,-1,-1,-1,-1
0,30,106,41,0,1,0,26,139373,-1,-1,-1,-1,-1,-1
0,30,495,27,0,0,0,29,153553,-1,-1,-1,-1,-1,-1
0,30,487,30,0,0,0,38,201159,-1,-1,-1,-1,-1,-1
0,30,493,34,0,0,0,39,206490,-1,-1,-1,-1,-1,-1
0,30,485,30,0,0,0,46,243392,-1,-1,-1,-1,-1,-1
0,30,108,50,0,1,0,67,356333,-1,-1,-1,-1,-1,-1
0,30,472,23,0,0,1,97,517055,-1,-1,-1,-1,-1,-1
0,30,105,43,0,3,1,94,499344,-1,-1,-1,-1,-1,-1
0,30,490,23,0,0,1,93,495930,-1,-1,-1,-1,-1,-1
0,30,110,33,0,1,1,93,494630,-1,-1,-1,-1,-1,-1
0,30,479,23,0,0,1,87,464262,-1,-1,-1,-1,-1,-1
0,30,102,41,0,1,1,85,451885,-1,-1,-1,-1,-1,-1
0,30,104,49,0,1,1,80,425154,-1,-1,-1,-1,-1,-1
0,30,103,21,0,2,1,73,389661,-1,-1,-1,-1,-1,-1
0,30,491,20,0,0,1,72,385108,-1,-1,-1,-1,-1,-1
0,30,101,38,0,1,1,69,367633,-1,-1,-1,-1,-1,-1
2,30,101,-1,-1,-1,-1,-1,-1,3,-1,-1,-1,-1,-1
0,30,486,32,0,0,1,58,310978,-1,-1,-1,-1,-1,-1
0,30,488,27,0,0,1,44,237142,-1,-1,-1,-1,-1,-1
0,30,489,23,0,0,1,41,221372,-1,-1,-1,-1,-1,-1
0,31,113,36,0,1,0,1,7184,-1,-1,-1,-1,-1,-1
0,31,112,57,0,1,0,2,13494,-1,-1,-1,-1,-1,-1
0,31,497,27,0,0,0,31,164138,-1,-1,-1,-1,-1,-1
0,31,114,24,0,2,0,32,170253,-1,-1,-1,-1,-1,-1
0,31,498,30,0,0,0,34,180038,-1,-1,-1,-1,-1,-1
0,31,115,27,0,2,0,43,228432,-1,-1,-1,-1,-1,-1
0,31,506,30,0,0,0,49,259217,-1,-1,-1,-1,-1,-1
0,31,502,28,0,0,0,51,269760,-1,-1,-1,-1,-1,-1
0,31,501,29,0,0,0,59,312010,-1,-1,-1,-1,-1,-1
0,31,121,48,0,3,0,63,335107,-1,-1,-1,-1,-1,-1
0,31,119,38,0,1,1,99,525984,-1,-1,-1,-1,-1,-1
0,31,492,24,0,0,1,97,517054,-1,-1,-1,-1,-1,-1
0,31,117,32,0,2,1,96,510496,-1,-1,-1,-1,-1,-1
0,31,503,27,0,0,1,89,474754,-1,-1,-1,-1,-1,-1
0,31,122,40,0,1,1,87,462578,-1,-1,-1,-1,-1,-1
0,31,499,30,0,0,1,85,453563,-1,-1,-1,-1,-1,-1
0,31,500,23,0,0,1,83,443134,-1,-1,-1,-1,-1,-1
0,31,507,25,0,0,1,81,432565,-1,-1,-1,-1,-1,-1
0,31,118,43,0,1,1,77,409638,-1,-1,-1,-1,-1,-1
0,31,496,33,0,0,1,70,374306,-1,-1,-1,-1,-1,-1
0,31,504,28,0,0,1,58,311066,-1,-1,-1,-1,-1,-1
0,31,111,41,0,3,1,41,219630,-1,-1,-1,-1,-1,-1
0,31,120,31,0,2,1,27,146235,-1,-1,-1,-1,-1,-1
0,31,116,45,0,3,1,18,97946,-1,-1,-1,-1,-1,-1
0,32,131,49,0,1,0,11,60602,-1,-1,-1,-1,-1,-1
0,32,509,25,0,0,0,14,74338,-1,-1,-1,-1,-1,-1
0,32,133,20,0,2,0,19,101324,-1,-1,-1,-1,-1,-1
0,32,513,27,0,0,0,21,111324,-1,-1,-1,-1,-1,-1
0,32,136,36,0,3,0,22,118007,-1,-1,-1,-1,-1,-1
0,32,132,32,0,2,0,24,128378,-1,-1,-1,-1,-1,-1
0,32,126,54,0,1,0,36,192906,-1,-1,-1,-1,-1,-1
0,32,130,46,0,1,0,37,197750,-1,-1,-1,-1,-1,-1
0,32,516,27,0,0,0,43,227479,-1,-1,-1,-1,-1,-1
0,32,140,36,0,1,0,47,249999,-1,-1,-1,-1,-1,-1
0,32,123,21,0,2,0,48,254499,-1,-1,-1,-1,-1,-1
0,32,512,27,0,0,0,53,280281,-1,-1,-1,-1,-1,-1
0,32,520,26,0,0,0,65,343615,-1,-1,-1,-1,-1,-1
0,32,128,53,0,2,0,77,409312,-1,-1,-1,-1,-1,-1
0,32,127,44,0,1,1,91,483468,-1,-1,-1,-1,-1,-1
0,32,505,23,0,0,1,89,474830,-1,-1,-1,-1,-1,-1
0,32,510,20,0,0,1,86,459031,-1,-1,-1,-1,-1,-1
0,32,518,30,0,0,1,85,453583,-1,-1,-1,-1,-1,-1
0,32,138,38,0,1,1,79,420444,-1,-1,-1,-1,-1,-1
0,32,519,29,0,0,1,69,369133,-1,-1,-1,-1,-1,-1
0,32,139,35,0,2,1,68,362526,-1,-1,-1,-1,-1,-1
0,32,124,39,0,1,1,65,346453,-1,-1,-1,-1,-1,-1
0,32,129,43,0,1,1,61,325067,-1,-1,-1,-1,-1,-1
0,32,508,28,0,0,1,59,316323,-1,-1,-1,-1,-1,-1
0,32,125,38,0,1,1,56,299016,-1,-1,-1,-1,-1,-1
0,32,134,47,0,1,1,53,282690,-1,-1,-1,-1,-1,-1
0,32,514,20,0,0,1,49,263674,-1,-1,-1,-1,-1,-1
0,32,517,25,0,0,1,42,226644,-1,-1,-1,-1,-1,-1
0,32,137,33,0,2,1,33,177819,-1,-1,-1,-1,-1,-1
0,32,135,44,0,1,1,31,166679,-1,-1,-1,-1,-1,-1
0,33,148,20,0,2,0,4,22169,-1,-1,-1,-1,-1,-1
0,33,4,30,0,0,0,8,45325,-1,-1,-1,-1,-1,-1
0,33,522,20,0,0,0,8,42574,-1,-1,-1,-1,-1,-1
0,33,528,29,0,0,0,15,79682,-1,-1,-1,-1,-1,-1
0,33,150,32,0,2,0,25,133655,-1,-1,-1,-1,-1,-1
0,33,146,30,0,2,0,29,154680,-1,-1,-1,-1,-1,-1
0,33,523,28,0,0,0,37,195836,-1,-1,-1,-1,-1,-1
0,33,147,26,0,2,0,43,228328,-1,-1,-1,-1,-1,-1
0,33,521,23,0,0,0,44,232716,-1,-1,-1,-1,-1,-1
0,33,530,26,0,0,0,46,243296,-1,-1,-1,-1,-1,-1
0,33,153,35,0,1,0,53,281648,-1,-1,-1,-1,-1,-1
0,33,515,24,0,0,1,97,517037,-1,-1,-1,-1,-1,-1
0,33,154,37,0,1,1,97,515527,-1,-1,-1,-1,-1,-1
0,33,531,25,0,0,1,95,506488,-1,-1,-1,-1,-1,-1
0,33,144,21,0,2,1,93,495269,-1,-1,-1,-1,-1,-1
0,33,527,25,0,0,1,83,443106,-1,-1,-1,-1,-1,-1
0,33,151,38,0,1,1,76,404620,-1,-1,-1,-1,-1,-1
0,33,143,56,0,3,1,75,398381,-1,-1,-1,-1,-1,-1
0,33,145,33,0,2,1,70,373193,-1,-1,-1,-1,-1,-1
0,33,529,31,0,0,1,64,342703,-1,-1,-1,-1,-1,-1
0,33,525,20,0,0,1,63,337594,-1,-1,-1,-1,-1,-1
0,33,149,21,0,2,1,59,315755,-1,-1,-1,-1,-1,-1
0,33,511,27,0,0,1,58,311066,-1,-1,-1,-1,-1,-1
0,33,524,30,0,0,1,54,289888,-1,-1,-1,-1,-1,-1
0,33,141,49,0,1,1,54,287800,-1,-1,-1,-1,-1,-1
0,33,152,34,0,1,1,50,267518,-1,-1,-1,-1,-1,-1
0,34,533,30,0,0,0,1,5799,-1,-1,-1,-1,-1,-1
0,34,157,33,0,2,0,1,6976,-1,-1,-1,-1,-1,-1
0,34,155,22,0,2,0,4,22174,-1,-1,-1,-1,-1,-1
0,34,165,41,0,1,0,5,28475,-1,-1,-1,-1,-1,-1
0,34,535,30,0,0,0,6,32178,-1,-1,-1,-1,-1,-1
0,34,534,30,0,0,0,27,143079,-1,-1,-1,-1,-1,-1
0,34,164,51,0,3,0,44,234907,-1,-1,-1,-1,-1,-1
0,34,532,29,0,0,0,47,248656,-1,-1,-1,-1,-1,-1
0,34,163,20,0,2,0,48,254477,-1,-1,-1,-1,-1,-1
0,34,537,28,0,0,0,56,296145,-1,-1,-1,-1,-1,-1
0,34,156,33,0,2,1,97,515779,-1,-1,-1,-1,-1,-1
0,34,526,23,0,0,1,89,474818,-1,-1,-1,-1,-1,-1
0,34,142,30,0,2,1,79,420880,-1,-1,-1,-1,-1,-1
0,34,158,39,0,3,1,64,341096,-1,-1,-1,-1,-1,-1
0,34,536,26,0,0,1,57,305815,-1,-1,-1,-1,-1,-1
0,34,161,42,0,1,1,47,251278,-1,-1,-1,-1,-1,-1
0,34,159,26,0,2,1,27,146496,-1,-1,-1,-1,-1,-1
0,35,171,21,0,2,0,3,16886,-1,-1,-1,-1,-1,-1
0,35,544,28,0,0,0,4,21585,-1,-1,-1,-1,-1,-1
0,35,546,34,0,0,0,9,48077,-1,-1,-1,-1,-1,-1
0,35,539,28,0,0,0,17,90237,-1,-1,-1,-1,-1,-1
0,35,541,25,0,0,0,20,106014,-1,-1,-1,-1,-1,-1
0,35,538,23,0,0,0,25,132387,-1,-1,-1,-1,-1,-1
0,35,170,28,0,2,0,25,133434,-1,-1,-1,-1,-1,-1
0,35,175,45,0,1,0,27,144943,-1,-1,-1,-1,-1,-1
0,35,167,29,0,2,0,29,154633,-1,-1,-1,-1,-1,-1
0,35,174,55,0,3,0,31,166513,-1,-1,-1,-1,-1,-1
0,35,168,35,0,1,0,35,186597,-1,-1,-1,-1,-1,-1
0,35,166,46,0,1,0,70,372031,-1,-1,-1,-1,-1,-1
0,35,540,27,0,0,1,90,480022,-1,-1,-1,-1,-1,-1
0,35,172,31,0,2,1,90,478897,-1,-1,-1,-1,-1,-1
0,35,173,32,0,2,1,89,473558,-1,-1,-1,-1,-1,-1
4,35,173,-1,0,-1,-1,-1,-1,4,0,0,0,0,-1
0,35,542,25,0,0,1,87,464226,-1,-1,-1,-1,-1,-1
0,35,169,48,0,3,1,82,435732,-1,-1,-1,-1,-1,-1
0,35,549,26,0,0,1,81,432545,-1,-1,-1,-1,-1,-1
0,35,162,29,0,2,1,79,420997,-1,-1,-1,-1,-1,-1
0,35,548,32,0,0,1,65,347950,-1,-1,-1,-1,-1,-1
0,35,176,52,0,1,1,28,150413,-1,-1,-1,-1,-1,-1
0,36,160,24,0,2,0,4,22220,-1,-1,-1,-1,-1,-1
0,36,547,28,0,0,0,9,47976,-1,-1,-1,-1,-1,-1
0,36,550,28,0,0,0,12,63838,-1,-1,-1,-1,-1,-1
0,36,545,28,0,0,0,17,90222,-1,-1,-1,-1,-1,-1
0,36,552,26,0,0,0,19,100759,-1,-1,-1,-1,-1,-1
0,36,543,26,0,0,0,20,106010,-1,-1,-1,-1,-1,-1
0,36,187,41,0,1,0,21,113075,-1,-1,-1,-1,-1,-1
0,36,557,25,0,0,0,24,127118,-1,-1,-1,-1,-1,-1
0,36,184,46,0,1,0,36,192451,-1,-1,-1,-1,-1,-1
0,36,191,35,0,1,0,38,202478,-1,-1,-1,-1,-1,-1
0,36,180,26,0,2,0,43,228352,-1,-1,-1,-1,-1,-1
0,36,559,24,0,0,0,44,232712,-1,-1,-1,-1,-1,-1
0,36,189,35,0,1,0,45,239420,-1,-1,-1,-1,-1,-1
0,36,554,26,0,0,0,46,243316,-1,-1,-1,-1,-1,-1
0,36,183,38,0,3,0,51,271254,-1,-1,-1,-1,-1,-1
0,36,179,43,0,1,0,68,361268,-1,-1,-1,-1,-1,-1
0,36,188,22,0,2,1,93,495166,-1,-1,-1,-1,-1,-1
0,36,178,42,0,3,1,91,483480,-1,-1,-1,-1,-1,-1
0,36,185,43,0,3,1,80,425452,-1,-1,-1,-1,-1,-1
0,36,182,25,0,3,1,79,421218,-1,-1,-1,-1,-1,-1
0,36,555,28,0,0,1,55,295224,-1,-1,-1,-1,-1,-1
0,36,181,32,0,2,1,54,288765,-1,-1,-1,-1,-1,-1
0,36,553,25,0,0,1,53,284708,-1,-1,-1,-1,-1,-1
0,36,177,28,0,2,1,51,273094,-1,-1,-1,-1,-1,-1
0,36,551,23,0,0,1,42,226651,-1,-1,-1,-1,-1,-1
0,36,556,25,0,0,1,34,184403,-1,-1,-1,-1,-1,-1
0,36,190,28,0,2,1,26,141125,-1,-1,-1,-1,-1,-1
0,36,560,30,0,0,1,24,131510,-1,-1,-1,-1,-1,-1
0,37,563,28,0,0,0,0,478,-1,-1,-1,-1,-1,-1
0,37,569,25,0,0,0,4,21534,-1,-1,-1,-1,-1,-1
0,37,196,41,0,2,0,11,60224,-1,-1,-1,-1,-1,-1
0,37,558,29,0,0,0,12,63835,-1,-1,-1,-1,-1,-1
0,37,192,47,0,1,0,16,86932,-1,-1,-1,-1,-1,-1
0,37,562,26,0,0,0,19,100747,-1,-1,-1,-1,-1,-1
0,37,186,27,0,2,0,25,133364,-1,-1,-1,-1,-1,-1
0,37,570,25,0,0,0,31,164075,-1,-1,-1,-1,-1,-1
0,37,195,28,0,2,0,32,170445,-1,-1,-1,-1,-1,-1
0,37,194,30,0,2,0,35,186456,-1,-1,-1,-1,-1,-1
0,37,193,27,0,3,0,43,228357,-1,-1,-1,-1,-1,-1
0,37,198,44,0,1,0,59,313782,-1,-1,-1,-1,-1,-1
0,37,566,20,0,0,0,73,385763,-1,-1,-1,-1,-1,-1
0,37,568,20,0,0,1,92,490718,-1,-1,-1,-1,-1,-1
0,37,197,45,0,1,1,92,488674,-1,-1,-1,-1,-1,-1
0,37,571,26,0,0,1,91,485345,-1,-1,-1,-1,-1,-1
0,37,567,23,0,0,1,85,453707,-1,-1,-1,-1,-1,-1
0,37,201,41,0,1,1,78,415012,-1,-1,-1,-1,-1,-1
0,37,200,37,0,2,1,69,367644,-1,-1,-1,-1,-1,-1
0,37,565,26,0,0,1,66,353331,-1,-1,-1,-1,-1,-1
0,37,199,39,0,2,1,65,346435,-1,-1,-1,-1,-1,-1
0,37,561,23,0,0,1,26,142165,-1,-1,-1,-1,-1,-1
0,38,202,26,0,2,0,5,27766,-1,-1,-1,-1,-1,-1
0,38,3,0,0,1,0,8,45545,-1,-1,-1,-1,-1,-1
0,38,576,30,0,0,0,6,32177,-1,-1,-1,-1,-1,-1
0,38,564,23,0,0,0,9,47920,-1,-1,-1,-1,-1,-1
0,38,575,26,0,0,0,14,74348,-1,-1,-1,-1,-1,-1
0,38,573,29,0,0,0,18,95536,-1,-1,-1,-1,-1,-1
0,38,572,20,0,0,0,19,100638,-1,-1,-1,-1,-1,-1
0,38,205,43,0,1,0,39,208137,-1,-1,-1,-1,-1,-1
0,38,580,30,0,0,0,42,222251,-1,-1,-1,-1,-1,-1
0,38,209,34,0,2,0,42,223520,-1,-1,-1,-1,-1,-1
0,38,210,31,0,2,0,51,270839,-1,-1,-1,-1,-1,-1
0,38,207,50,0,1,0,57,303562,-1,-1,-1,-1,-1,-1
0,38,577,25,0,0,0,68,359440,-1,-1,-1,-1,-1,-1
0,38,578,32,0,0,1,94,501077,-1,-1,-1,-1,-1,-1
0,38,204,45,0,2,1,85,451754,-1,-1,-1,-1,-1,-1
0,38,579,27,0,0,1,83,443087,-1,-1,-1,-1,-1,-1
0,38,211,35,0,1,1,77,410018,-1,-1,-1,-1,-1,-1
0,38,208,28,0,2,1,74,394565,-1,-1,-1,-1,-1,-1
0,38,206,26,0,2,1,71,378803,-1,-1,-1,-1,-1,-1
0,38,574,27,0,0,1,68,363868,-1,-1,-1,-1,-1,-1
0,38,203,39,0,1,1,55,293614,-1,-1,-1,-1,-1,-1
0,39,586,25,0,0,0,4,21553,-1,-1,-1,-1,-1,-1
0,39,590,30,0,0,0,5,26912,-1,-1,-1,-1,-1,-1
0,39,221,31,0,2,0,7,38547,-1,-1,-1,-1,-1,-1
0,39,591,30,0,0,0,15,79705,-1,-1,-1,-1,-1,-1
0,39,220,37,0,1,0,21,112850,-1,-1,-1,-1,-1,-1
0,39,583,27,0,0,0,26,137744,-1,-1,-1,-1,-1,-1
0,39,581,26,0,0,0,36,190526,-1,-1,-1,-1,-1,-1
0,39,213,36,0,1,0,36,191939,-1,-1,-1,-1,-1,-1
0,39,589,30,0,0,0,37,195867,-1,-1,-1,-1,-1,-1
0,39,215,33,0,2,0,41,218220,-1,-1,-1,-1,-1,-1
0,39,214,36,0,2,0,46,244784,-1,-1,-1,-1,-1,-1
0,39,222,42,0,1,0,59,313693,-1,-1,-1,-1,-1,-1
0,39,219,28,0,2,0,60,318218,-1,-1,-1,-1,-1,-1
0,39,223,53,0,1,0,73,388169,-1,-1,-1,-1,-1,-1
0,39,585,32,0,0,1,96,511618,-1,-1,-1,-1,-1,-1
0,39,216,27,0,2,1,96,510762,-1,-1,-1,-1,-1,-1
0,39,595,27,0,0,1,93,495887,-1,-1,-1,-1,-1,-1
0,39,224,37,0,1,1,83,441633,-1,-1,-1,-1,-1,-1
0,39,596,28,0,0,1,77,411388,-1,-1,-1,-1,-1,-1
0,39,582,23,0,0,1,76,406168,-1,-1,-1,-1,-1,-1
0,39,584,20,0,0,1,74,395664,-1,-1,-1,-1,-1,-1
0,39,218,28,0,2,1,67,357613,-1,-1,-1,-1,-1,-1
0,39,587,24,0,0,1,63,337523,-1,-1,-1,-1,-1,-1
0,39,588,25,0,0,1,62,332231,-1,-1,-1,-1,-1,-1
0,39,593,29,0,0,1,58,311038,-1,-1,-1,-1,-1,-1
0,39,597,34,0,0,1,43,231768,-1,-1,-1,-1,-1,-1
0,39,592,34,0,0,1,40,215914,-1,-1,-1,-1,-1,-1
0,39,594,23,0,0,1,26,142184,-1,-1,-1,-1,-1,-1
0,40,227,47,0,1,0,8,44671,-1,-1,-1,-1,-1,-1
0,40,226,28,0,2,0,10,54258,-1,-1,-1,-1,-1,-1
0,40,232,38,0,3,0,11,60071,-1,-1,-1,-1,-1,-1
0,40,599,32,0,0,0,12,63904,-1,-1,-1,-1,-1,-1
0,40,236,41,0,1,0,18,97115,-1,-1,-1,-1,-1,-1
0,40,600,21,0,0,0,19,100661,-1,-1,-1,-1,-1,-1
0,40,598,29,0,0,0,27,143049,-1,-1,-1,-1,-1,-1
0,40,234,32,0,1,0,28,149510,-1,-1,-1,-1,-1,-1
0,40,235,36,0,1,0,46,244785,-1,-1,-1,-1,-1,-1
0,40,217,28,0,2,0,51,270688,-1,-1,-1,-1,-1,-1
0,40,212,45,0,1,0,57,303339,-1,-1,-1,-1,-1,-1
0,40,228,54,0,3,0,66,351297,-1,-1,-1,-1,-1,-1
0,40,230,34,0,2,0,69,366095,-1,-1,-1,-1,-1,-1
0,40,225,21,0,2,1,81,431883,-1,-1,-1,-1,-1,-1
0,40,602,30,0,0,1,75,400782,-1,-1,-1,-1,-1,-1
0,40,233,24,0,2,1,67,357778,-1,-1,-1,-1,-1,-1
0,40,231,51,0,3,1,61,324664,-1,-1,-1,-1,-1,-1
0,40,237,20,0,2,1,59,315769,-1,-1,-1,-1,-1,-1
0,40,229,33,0,2,1,54,288666,-1,-1,-1,-1,-1,-1
2,40,229,-1,-1,-1,-1,-1,-1,5,-1,-1,-1,-1,-1
0,40,601,28,0,0,1,53,284660,-1,-1,-1,-1,-1,-1
0,41,254,38,0,1,0,2,12482,-1,-1,-1,-1,-1,-1
0,41,603,27,0,0,0,3,16304,-1,-1,-1,-1,-1,-1
0,41,238,23,0,2,0,3,17070,-1,-1,-1,-1,-1,-1
0,41,249,36,0,2,0,6,33533,-1,-1,-1,-1,-1,-1
0,41,605,24,0,0,0,9,47916,-1,-1,-1,-1,-1,-1
0,41,240,25,0,2,0,10,54075,-1,-1,-1,-1,-1,-1
0,41,241,50,0,1,0,37,198020,-1,-1,-1,-1,-1,-1
0,41,243,37,0,3,0,45,239535,-1,-1,-1,-1,-1,-1
0,41,250,20,0,2,0,46,243912,-1,-1,-1,-1,-1,-1
0,41,607,29,0,0,0,47,248650,-1,-1,-1,-1,-1,-1
0,41,612,32,0,0,0,55,290922,-1,-1,-1,-1,-1,-1
0,41,248,27,0,2,0,73,386820,-1,-1,-1,-1,-1,-1
0,41,253,50,0,3,1,99,525397,-1,-1,-1,-1,-1,-1
0,41,257,44,0,3,1,92,488762,-1,-1,-1,-1,-1,-1
0,41,247,54,0,3,1,86,456569,-1,-1,-1,-1,-1,-1
0,41,610,34,0,0,1,79,421839,-1,-1,-1,-1,-1,-1
0,41,244,39,0,1,1,75,399197,-1,-1,-1,-1,-1,-1
0,41,606,20,0,0,1,74,395666,-1,-1,-1,-1,-1,-1
0,41,246,28,0,2,1,74,394576,-1,-1,-1,-1,-1,-1
0,41,608,20,0,0,1,71,379836,-1,-1,-1,-1,-1,-1
0,41,609,25,0,0,1,63,337500,-1,-1,-1,-1,-1,-1
0,41,252,45,0,1,1,60,319734,-1,-1,-1,-1,-1,-1
0,41,258,44,0,1,1,47,251121,-1,-1,-1,-1,-1,-1
0,41,239,32,0,2,1,44,235935,-1,-1,-1,-1,-1,-1
0,41,604,25,0,0,1,19,105182,-1,-1,-1,-1,-1,-1
0,42,616,28,0,0,0,6,32151,-1,-1,-1,-1,-1,-1
0,42,614,23,0,0,0,14,74301,-1,-1,-1,-1,-1,-1
0,42,242,39,0,2,0,18,97075,-1,-1,-1,-1,-1,-1
0,42,259,25,0,2,0,19,101700,-1,-1,-1,-1,-1,-1
0,42,617,27,0,0,0,20,106052,-1,-1,-1,-1,-1,-1
0,42,619,29,0,0,0,27,143040,-1,-1,-1,-1,-1,-1
0,42,265,28,0,2,0,27,144013,-1,-1,-1,-1,-1,-1
0,42,260,33,0,2,0,28,149568,-1,-1,-1,-1,-1,-1
0,42,263,21,0,2,0,31,164731,-1,-1,-1,-1,-1,-1
0,42,262,32,0,2,0,61,323785,-1,-1,-1,-1,-1,-1
0,42,621,29,0,0,0,71,375356,-1,-1,-1,-1,-1,-1
0,42,615,23,0,0,0,77,406945,-1,-1,-1,-1,-1,-1
0,42,264,30,0,2,1,99,526472,-1,-1,-1,-1,-1,-1
0,42,618,20,0,0,1,97,517115,-1,-1,-1,-1,-1,-1
0,42,261,24,0,2,1,93,494989,-1,-1,-1,-1,-1,-1
0,42,620,29,0,0,1,89,474730,-1,-1,-1,-1,-1,-1
0,42,269,37,0,1,1,84,446925,-1,-1,-1,-1,-1,-1
0,42,613,25,0,0,1,75,400862,-1,-1,-1,-1,-1,-1
0,42,251,27,0,2,1,75,399904,-1,-1,-1,-1,-1,-1
0,42,611,19,0,0,1,74,395703,-1,-1,-1,-1,-1,-1
4,42,611,-1,0,-1,-1,-1,-1,6,0,0,0,0,-1
0,42,245,24,0,2,1,67,357810,-1,-1,-1,-1,-1,-1
0,42,266,42,0,3,1,63,335737,-1,-1,-1,-1,-1,-1
0,42,268,45,0,1,1,62,330301,-1,-1,-1,-1,-1,-1
0,43,633,28,0,0,0,1,5735,-1,-1,-1,-1,-1,-1
0,43,274,35,0,1,0,1,7164,-1,-1,-1,-1,-1,-1
0,43,256,38,0,3,0,2,12498,-1,-1,-1,-1,-1,-1
0,43,278,20,0,2,0,6,32731,-1,-1,-1,-1,-1,-1
0,43,273,21,0,2,0,8,43309,-1,-1,-1,-1,-1,-1
0,43,255,37,0,2,0,18,96983,-1,-1,-1,-1,-1,-1
0,43,277,33,0,3,0,25,133737,-1,-1,-1,-1,-1,-1
0,43,624,29,0,0,0,28,148336,-1,-1,-1,-1,-1,-1
0,43,290,31,0,2,0,28,149488,-1,-1,-1,-1,-1,-1
0,43,626,30,0,0,0,32,169471,-1,-1,-1,-1,-1,-1
0,43,286,40,0,1,0,38,202778,-1,-1,-1,-1,-1,-1
0,43,267,20,0,3,0,46,243896,-1,-1,-1,-1,-1,-1
0,43,287,45,0,1,0,52,276864,-1,-1,-1,-1,-1,-1
0,43,634,29,0,0,1,99,527531,-1,-1,-1,-1,-1,-1
0,43,284,43,0,1,1,98,520486,-1,-1,-1,-1,-1,-1
0,43,625,28,0,0,1,91,485294,-1,-1,-1,-1,-1,-1
0,43,281,35,0,3,1,89,473365,-1,-1,-1,-1,-1,-1
0,43,623,23,0,0,1,87,464245,-1,-1,-1,-1,-1,-1
0,43,283,40,0,1,1,87,462564,-1,-1,-1,-1,-1,-1
0,43,289,26,0,2,1,86,458023,-1,-1,-1,-1,-1,-1
0,43,285,30,0,2,1,79,420795,-1,-1,-1,-1,-1,-1
0,43,627,34,0,0,1,69,369023,-1,-1,-1,-1,-1,-1
0,43,632,24,0,0,1,62,332257,-1,-1,-1,-1,-1,-1
0,43,288,42,0,1,1,57,304065,-1,-1,-1,-1,-1,-1
0,43,630,30,0,0,1,56,300455,-1,-1,-1,-1,-1,-1
0,43,271,27,0,2,1,51,273135,-1,-1,-1,-1,-1,-1
0,43,276,46,0,3,1,39,208791,-1,-1,-1,-1,-1,-1
0,43,631,26,0,0,1,28,152698,-1,-1,-1,-1,-1,-1
0,43,629,25,0,0,1,27,147434,-1,-1,-1,-1,-1,-1
0,43,622,24,0,0,1,19,105182,-1,-1,-1,-1,-1,-1
0,44,293,36,0,3,0,2,12439,-1,-1,-1,-1,-1,-1
0,44,638,31,0,0,0,3,16376,-1,-1,-1,-1,-1,-1
0,44,635,26,0,0,0,13,69080,-1,-1,-1,-1,-1,-1
0,44,640,27,0,0,0,20,106043,-1,-1,-1,-1,-1,-1
0,44,639,23,0,0,0,23,121823,-1,-1,-1,-1,-1,-1
0,44,642,23,0,0,0,25,132377,-1,-1,-1,-1,-1,-1
0,44,272,26,0,2,0,27,143854,-1,-1,-1,-1,-1,-1
0,44,270,22,0,2,0,31,164705,-1,-1,-1,-1,-1,-1
0,44,302,35,0,2,0,41,218298,-1,-1,-1,-1,-1,-1
0,44,301,34,0,2,0,42,223496,-1,-1,-1,-1,-1,-1
0,44,280,20,0,0,0,46,243859,-1,-1,-1,-1,-1,-1
0,44,636,34,0,0,0,72,380743,-1,-1,-1,-1,-1,-1
0,44,282,21,0,2,1,99,526946,-1,-1,-1,-1,-1,-1
0,44,297,23,0,2,1,93,495110,-1,-1,-1,-1,-1,-1
0,44,294,21,0,2,1,91,484716,-1,-1,-1,-1,-1,-1
0,44,275,20,0,2,1,84,447757,-1,-1,-1,-1,-1,-1
0,44,643,29,0,0,1,83,443052,-1,-1,-1,-1,-1,-1
0,44,299,34,0,1,1,77,410110,-1,-1,-1,-1,-1,-1
0,44,641,25,0,0,1,75,400868,-1,-1,-1,-1,-1,-1
0,44,291,44,0,3,1,73,388436,-1,-1,-1,-1,-1,-1
0,44,300,37,0,3,1,72,383562,-1,-1,-1,-1,-1,-1
0,44,628,32,0,0,1,69,369070,-1,-1,-1,-1,-1,-1
0,44,644,29,0,0,1,68,363844,-1,-1,-1,-1,-1,-1
0,44,292,28,0,2,1,68,362867,-1,-1,-1,-1,-1,-1
0,44,637,32,0,0,1,46,247615,-1,-1,-1,-1,-1,-1
0,44,298,47,0,1,1,45,240496,-1,-1,-1,-1,-1,-1
0,44,279,42,0,1,1,39,208976,-1,-1,-1,-1,-1,-1
0,45,310,35,0,1,0,7,38799,-1,-1,-1,-1,-1,-1
0,45,651,26,0,0,0,9,47941,-1,-1,-1,-1,-1,-1
0,45,650,27,0,0,0,28,148285,-1,-1,-1,-1,-1,-1
0,45,296,21,0,0,0,31,164663,-1,-1,-1,-1,-1,-1
0,45,307,44,0,3,0,54,287400,-1,-1,-1,-1,-1,-1
0,45,648,34,0,0,0,64,338497,-1,-1,-1,-1,-1,-1
0,45,652,34,0,0,0,67,354312,-1,-1,-1,-1,-1,-1
0,45,303,39,0,1,0,86,456149,-1,-1,-1,-1,-1,-1
0,45,649,23,0,0,1,99,527620,-1,-1,-1,-1,-1,-1
0,45,305,30,0,3,1,96,510530,-1,-1,-1,-1,-1,-1
0,45,314,25,0,2,1,86,458073,-1,-1,-1,-1,-1,-1
0,45,316,28,0,2,1,75,399801,-1,-1,-1,-1,-1,-1
0,45,646,31,0,0,1,72,384904,-1,-1,-1,-1,-1,-1
0,45,295,24,0,2,1,68,363073,-1,-1,-1,-1,-1,-1
0,45,308,50,0,1,1,64,340623,-1,-1,-1,-1,-1,-1
0,45,311,46,0,1,1,62,330250,-1,-1,-1,-1,-1,-1
0,45,309,40,0,1,1,56,298861,-1,-1,-1,-1,-1,-1
0,45,647,23,0,0,1,36,194970,-1,-1,-1,-1,-1,-1
0,45,304,21,0,2,1,32,173170,-1,-1,-1,-1,-1,-1
0,45,312,46,0,1,1,31,166567,-1,-1,-1,-1,-1,-1
0,46,325,34,0,2,0,1,7043,-1,-1,-1,-1,-1,-1
0,46,665,20,0,0,0,8,42554,-1,-1,-1,-1,-1,-1
0,46,656,23,0,0,0,14,74318,-1,-1,-1,-1,-1,-1
0,46,329,32,0,2,0,28,149501,-1,-1,-1,-1,-1,-1
0,46,657,23,0,0,0,31,164066,-1,-1,-1,-1,-1,-1
0,46,320,43,0,1,0,37,197597,-1,-1,-1,-1,-1,-1
0,46,319,50,0,3,0,39,208501,-1,-1,-1,-1,-1,-1
0,46,327,20,0,2,0,41,217509,-1,-1,-1,-1,-1,-1
0,46,306,19,0,0,0,46,243854,-1,-1,-1,-1,-1,-1
0,46,660,34,0,0,0,47,248719,-1,-1,-1,-1,-1,-1
0,46,662,25,0,0,0,63,333046,-1,-1,-1,-1,-1,-1
0,46,315,26,0,2,0,86,455452,-1,-1,-1,-1,-1,-1
0,46,326,40,0,2,1,97,515392,-1,-1,-1,-1,-1,-1
0,46,659,25,0,0,1,95,506471,-1,-1,-1,-1,-1,-1
0,46,318,40,0,1,1,95,504811,-1,-1,-1,-1,-1,-1
0,46,321,31,0,2,1,94,499992,-1,-1,-1,-1,-1,-1
0,46,654,29,0,0,1,93,495821,-1,-1,-1,-1,-1,-1
0,46,661,26,0,0,1,92,490610,-1,-1,-1,-1,-1,-1
0,46,323,34,0,3,1,89,473463,-1,-1,-1,-1,-1,-1
0,46,322,42,0,1,1,83,441334,-1,-1,-1,-1,-1,-1
0,46,324,43,0,1,1,70,372612,-1,-1,-1,-1,-1,-1
0,46,645,29,0,0,1,68,363824,-1,-1,-1,-1,-1,-1
0,46,655,28,0,0,1,66,353282,-1,-1,-1,-1,-1,-1
0,46,313,33,0,2,1,56,299206,-1,-1,-1,-1,-1,-1
0,47,653,24,0,0,0,9,47942,-1,-1,-1,-1,-1,-1
0,47,339,29,0,2,0,10,54339,-1,-1,-1,-1,-1,-1
0,47,338,34,0,1,0,24,128505,-1,-1,-1,-1,-1,-1
0,47,332,40,0,2,0,38,202695,-1,-1,-1,-1,-1,-1
0,47,658,20,0,0,1,99,527660,-1,-1,-1,-1,-1,-1
0,47,337,48,0,1,1,98,520214,-1,-1,-1,-1,-1,-1
0,47,670,26,0,0,1,94,501178,-1,-1,-1,-1,-1,-1
0,47,335,31,0,2,1,94,499987,-1,-1,-1,-1,-1,-1
0,47,336,20,0,2,1,90,479445,-1,-1,-1,-1,-1,-1
0,47,317,30,0,2,1,86,457813,-1,-1,-1,-1,-1,-1
0,47,328,31,0,2,1,83,441942,-1,-1,-1,-1,-1,-1
0,47,331,34,0,1,1,80,425898,-1,-1,-1,-1,-1,-1
0,47,666,22,0,0,1,71,379785,-1,-1,-1,-1,-1,-1
0,47,663,20,0,0,1,68,363981,-1,-1,-1,-1,-1,-1
0,47,340,36,0,1,1,66,351912,-1,-1,-1,-1,-1,-1
0,47,669,23,0,0,1,65,348103,-1,-1,-1,-1,-1,-1
0,47,333,31,0,2,1,65,346881,-1,-1,-1,-1,-1,-1
0,47,668,26,0,0,1,57,305812,-1,-1,-1,-1,-1,-1
0,47,334,44,0,1,1,49,261730,-1,-1,-1,-1,-1,-1
0,47,330,48,0,1,1,36,192853,-1,-1,-1,-1,-1,-1
0,48,354,36,0,2,0,0,1895,-1,-1,-1,-1,-1,-1
0,48,345,37,0,1,0,2,12501,-1,-1,-1,-1,-1,-1
0,48,358,27,0,2,0,5,27775,-1,-1,-1,-1,-1,-1
0,48,352,22,0,2,0,8,43439,-1,-1,-1,-1,-1,-1
0,48,343,21,0,2,0,9,48587,-1,-1,-1,-1,-1,-1
0,48,671,30,0,0,0,12,63879,-1,-1,-1,-1,-1,-1
0,48,348,40,0,1,0,18,97139,-1,-1,-1,-1,-1,-1
0,48,675,20,0,0,0,24,127050,-1,-1,-1,-1,-1,-1
0,48,679,25,0,0,0,25,132402,-1,-1,-1,-1,-1,-1
0,48,677,31,0,0,0,32,169474,-1,-1,-1,-1,-1,-1
0,48,676,27,0,0,0,36,190526,-1,-1,-1,-1,-1,-1
0,48,346,20,0,0,0,41,217438,-1,-1,-1,-1,-1,-1
0,48,667,18,0,0,1,99,527708,-1,-1,-1,-1,-1,-1
0,48,341,34,0,2,1,97,515741,-1,-1,-1,-1,-1,-1
0,48,350,30,0,1,1,96,510535,-1,-1,-1,-1,-1,-1
0,48,680,31,0,0,1,91,485264,-1,-1,-1,-1,-1,-1
0,48,359,25,0,2,1,86,458095,-1,-1,-1,-1,-1,-1
0,48,672,32,0,0,1,84,448264,-1,-1,-1,-1,-1,-1
0,48,357,20,0,2,1,80,426649,-1,-1,-1,-1,-1,-1
0,48,673,26,0,0,1,76,406126,-1,-1,-1,-1,-1,-1
0,48,674,24,0,0,1,74,395600,-1,-1,-1,-1,-1,-1
0,48,353,20,0,2,1,74,394968,-1,-1,-1,-1,-1,-1
0,48,342,36,0,3,1,69,367729,-1,-1,-1,-1,-1,-1
0,48,664,21,0,0,1,68,363982,-1,-1,-1,-1,-1,-1
0,48,349,27,0,2,1,65,347135,-1,-1,-1,-1,-1,-1
0,48,347,29,0,2,1,62,331102,-1,-1,-1,-1,-1,-1
0,48,344,21,0,2,1,43,231264,-1,-1,-1,-1,-1,-1
0,48,351,30,0,2,1,42,225492,-1,-1,-1,-1,-1,-1
0,48,678,28,0,0,1,33,179062,-1,-1,-1,-1,-1,-1
0,49,368,28,0,1,0,4,22617,-1,-1,-1,-1,-1,-1
0,49,685,26,0,0,0,6,32108,-1,-1,-1,-1,-1,-1
0,49,363,35,0,3,0,7,38804,-1,-1,-1,-1,-1,-1
0,49,687,27,0,0,0,26,137726,-1,-1,-1,-1,-1,-1
0,49,365,39,0,1,0,30,160428,-1,-1,-1,-1,-1,-1
0,49,360,40,0,1,0,40,213321,-1,-1,-1,-1,-1,-1
0,49,684,28,0,0,0,43,227511,-1,-1,-1,-1,-1,-1
0,49,682,33,0,0,0,47,248732,-1,-1,-1,-1,-1,-1
0,49,681,32,0,0,0,54,285672,-1,-1,-1,-1,-1,-1
0,49,367,31,0,2,0,78,413439,-1,-1,-1,-1,-1,-1
0,49,355,29,0,2,1,94,500102,-1,-1,-1,-1,-1,-1
0,49,683,25,0,0,1,93,495902,-1,-1,-1,-1,-1,-1
0,49,364,21,0,0,1,90,479506,-1,-1,-1,-1,-1,-1
0,49,366,20,0,2,1,87,463601,-1,-1,-1,-1,-1,-1
0,49,688,32,0,0,1,82,437711,-1,-1,-1,-1,-1,-1
0,49,690,28,0,0,1,78,416662,-1,-1,-1,-1,-1,-1
0,49,361,21,0,2,1,64,342144,-1,-1,-1,-1,-1,-1
0,49,689,27,0,0,1,63,337474,-1,-1,-1,-1,-1,-1
0,49,692,27,0,0,1,36,194912,-1,-1,-1,-1,-1,-1
0,49,686,23,0,0,1,30,163300,-1,-1,-1,-1,-1,-1
0,50,371,33,0,1,0,7,38668,-1,-1,-1,-1,-1,-1
0,50,377,36,0,1,0,12,65255,-1,-1,-1,-1,-1,-1
0,50,698,20,0,0,0,14,74247,-1,-1,-1,-1,-1,-1
0,50,373,20,0,2,0,14,74968,-1,-1,-1,-1,-1,-1
0,50,370,20,0,2,0,17,90814,-1,-1,-1,-1,-1,-1
0,50,697,26,0,0,0,19,100759,-1,-1,-1,-1,-1,-1
0,50,700,29,0,0,0,21,111363,-1,-1,-1,-1,-1,-1
0,50,378,26,0,3,0,22,117492,-1,-1,-1,-1,-1,-1
0,50,695,23,0,0,0,23,121827,-1,-1,-1,-1,-1,-1
0,50,699,28,0,0,0,27,143025,-1,-1,-1,-1,-1,-1
0,50,374,35,0,1,0,36,191870,-1,-1,-1,-1,-1,-1
0,50,702,28,0,0,0,44,232772,-1,-1,-1,-1,-1,-1
0,50,696,30,0,0,0,57,301478,-1,-1,-1,-1,-1,-1
0,50,372,38,0,3,0,60,318853,-1,-1,-1,-1,-1,-1
0,50,375,38,0,2,0,74,392654,-1,-1,-1,-1,-1,-1
0,50,694,23,0,0,1,95,506495,-1,-1,-1,-1,-1,-1
0,50,356,28,0,2,1,94,500222,-1,-1,-1,-1,-1,-1
0,50,691,20,0,0,1,93,495993,-1,-1,-1,-1,-1,-1
0,50,362,21,0,2,1,80,426622,-1,-1,-1,-1,-1,-1
0,50,376,37,0,1,1,77,409909,-1,-1,-1,-1,-1,-1
0,50,369,41,0,3,1,72,383296,-1,-1,-1,-1,-1,-1
0,50,693,30,0,0,1,67,358521,-1,-1,-1,-1,-1,-1
0,50,701,26,0,0,1,44,237177,-1,-1,-1,-1,-1,-1
0,51,379,21,0,2,0,4,22172,-1,-1,-1,-1,-1,-1
0,51,712,20,0,0,0,13,68959,-1,-1,-1,-1,-1,-1
0,51,704,30,0,0,0,18,95559,-1,-1,-1,-1,-1,-1
0,51,708,24,0,0,0,21,111276,-1,-1,-1,-1,-1,-1
0,51,703,27,0,0,0,35,185264,-1,-1,-1,-1,-1,-1
0,51,381,35,0,2,0,38,202458,-1,-1,-1,-1,-1,-1
0,51,705,29,0,0,0,39,206415,-1,-1,-1,-1,-1,-1
0,51,380,22,0,3,0,41,217511,-1,-1,-1,-1,-1,-1
0,51,385,41,0,3,0,54,287302,-1,-1,-1,-1,-1,-1
0,51,707,26,0,0,0,63,333072,-1,-1,-1,-1,-1,-1
0,51,383,21,0,3,0,77,407604,-1,-1,-1,-1,-1,-1
0,51,711,19,0,0,1,95,506562,-1,-1,-1,-1,-1,-1
0,51,713,28,0,0,1,82,437791,-1,-1,-1,-1,-1,-1
0,51,709,25,0,0,1,64,342788,-1,-1,-1,-1,-1,-1
0,51,706,25,0,0,1,52,279426,-1,-1,-1,-1,-1,-1
0,51,710,25,0,0,1,23,126313,-1,-1,-1,-1,-1,-1
0,52,386,28,0,2,0,2,12008,-1,-1,-1,-1,-1,-1
0,52,391,27,0,2,0,5,27796,-1,-1,-1,-1,-1,-1
0,52,394,30,0,2,0,6,33228,-1,-1,-1,-1,-1,-1
0,52,382,30,0,2,0,7,38598,-1,-1,-1,-1,-1,-1
0,52,716,22,0,0,0,8,42618,-1,-1,-1,-1,-1,-1
0,52,384,21,0,2,0,17,90856,-1,-1,-1,-1,-1,-1
0,52,387,33,0,2,0,18,96738,-1,-1,-1,-1,-1,-1
0,52,720,29,0,0,0,34,180007,-1,-1,-1,-1,-1,-1
0,52,390,48,0,1,0,35,187341,-1,-1,-1,-1,-1,-1
0,52,389,41,0,2,0,37,197491,-1,-1,-1,-1,-1,-1
0,52,393,54,0,1,0,58,309022,-1,-1,-1,-1,-1,-1
0,52,715,28,0,0,0,69,364804,-1,-1,-1,-1,-1,-1
0,52,717,28,0,0,1,97,516961,-1,-1,-1,-1,-1,-1
2,52,717,-1,-1,-1,-1,-1,-1,7,-1,-1,-1,-1,-1
0,52,714,17,0,0,1,95,506605,-1,-1,-1,-1,-1,-1
0,52,724,28,0,0,1,91,485308,-1,-1,-1,-1,-1,-1
0,52,392,26,0,2,1,91,484400,-1,-1,-1,-1,-1,-1
0,52,718,34,0,0,1,81,432375,-1,-1,-1,-1,-1,-1
0,52,725,25,0,0,1,73,390325,-1,-1,-1,-1,-1,-1
0,52,395,30,0,2,1,73,389189,-1,-1,-1,-1,-1,-1
0,52,719,20,0,0,1,67,358710,-1,-1,-1,-1,-1,-1
0,52,721,28,0,0,1,66,353295,-1,-1,-1,-1,-1,-1
0,53,732,30,0,0,0,4,21632,-1,-1,-1,-1,-1,-1
0,53,388,21,0,3,0,4,22229,-1,-1,-1,-1,-1,-1
0,53,722,21,0,0,0,8,42605,-1,-1,-1,-1,-1,-1
0,53,399,30,0,2,0,10,54369,-1,-1,-1,-1,-1,-1
0,53,397,32,0,2,0,12,64999,-1,-1,-1,-1,-1,-1
0,53,736,21,0,0,0,13,68981,-1,-1,-1,-1,-1,-1
0,53,400,39,0,1,0,23,123527,-1,-1,-1,-1,-1,-1
0,53,403,37,0,1,0,24,128634,-1,-1,-1,-1,-1,-1
0,53,406,42,0,3,0,25,134233,-1,-1,-1,-1,-1,-1
0,53,733,28,0,0,0,32,169425,-1,-1,-1,-1,-1,-1
0,53,731,31,0,0,0,34,180016,-1,-1,-1,-1,-1,-1
0,53,737,26,0,0,0,36,190498,-1,-1,-1,-1,-1,-1
0,53,405,20,0,2,0,53,280863,-1,-1,-1,-1,-1,-1
0,53,727,27,0,0,1,98,522262,-1,-1,-1,-1,-1,-1
0,53,398,21,0,3,1,96,511107,-1,-1,-1,-1,-1,-1
0,53,396,21,0,2,1,87,463553,-1,-1,-1,-1,-1,-1
0,53,723,28,0,0,1,81,432484,-1,-1,-1,-1,-1,-1
0,53,734,28,0,0,1,80,427222,-1,-1,-1,-1,-1,-1
0,53,730,30,0,0,1,79,421882,-1,-1,-1,-1,-1,-1
0,53,401,40,0,2,1,77,409774,-1,-1,-1,-1,-1,-1
0,53,404,49,0,1,1,76,404065,-1,-1,-1,-1,-1,-1
0,53,726,23,0,0,1,69,369212,-1,-1,-1,-1,-1,-1
0,53,728,26,0,0,1,64,342753,-1,-1,-1,-1,-1,-1
0,53,729,23,0,0,1,39,210810,-1,-1,-1,-1,-1,-1
0,54,402,27,0,2,0,12,64786,-1,-1,-1,-1,-1,-1
0,54,744,29,0,0,0,19,100801,-1,-1,-1,-1,-1,-1
0,54,743,29,0,0,0,27,143033,-1,-1,-1,-1,-1,-1
0,54,410,36,0,1,0,28,149762,-1,-1,-1,-1,-1,-1
0,54,417,28,0,2,0,35,186218,-1,-1,-1,-1,-1,-1
0,54,416,35,0,1,0,37,197207,-1,-1,-1,-1,-1,-1
0,54,411,37,0,1,0,38,202605,-1,-1,-1,-1,-1,-1
0,54,747,30,0,0,0,39,206406,-1,-1,-1,-1,-1,-1
0,54,746,34,0,0,0,48,254002,-1,-1,-1,-1,-1,-1
0,54,409,48,0,1,0,52,277089,-1,-1,-1,-1,-1,-1
0,54,412,32,0,2,0,55,292061,-1,-1,-1,-1,-1,-1
0,54,738,16,0,0,1,95,506606,-1,-1,-1,-1,-1,-1
0,54,745,34,0,0,1,89,474631,-1,-1,-1,-1,-1,-1
0,54,742,33,0,0,1,84,448240,-1,-1,-1,-1,-1,-1
0,54,415,22,0,2,1,74,394851,-1,-1,-1,-1,-1,-1
0,54,740,26,0,0,1,73,390293,-1,-1,-1,-1,-1,-1
0,54,739,26,0,0,1,71,379721,-1,-1,-1,-1,-1,-1
0,54,419,47,0,1,1,70,372432,-1,-1,-1,-1,-1,-1
0,54,735,25,0,0,1,64,342784,-1,-1,-1,-1,-1,-1
0,54,418,46,0,1,1,61,324901,-1,-1,-1,-1,-1,-1
0,54,741,30,0,0,1,50,268761,-1,-1,-1,-1,-1,-1
0,54,408,38,0,1,1,50,267315,-1,-1,-1,-1,-1,-1
0,54,407,35,0,1,1,44,235765,-1,-1,-1,-1,-1,-1
2,54,407,-1,-1,-1,-1,-1,-1,8,-1,-1,-1,-1,-1
0,54,414,53,0,3,1,38,203170,-1,-1,-1,-1,-1,-1
0,55,756,20,0,0,0,3,16166,-1,-1,-1,-1,-1,-1
0,55,755,21,0,0,0,8,42600,-1,-1,-1,-1,-1,-1
0,55,413,29,0,3,0,12,64822,-1,-1,-1,-1,-1,-1
0,55,748,23,0,0,0,26,137672,-1,-1,-1,-1,-1,-1
0,55,761,30,0,0,0,31,164163,-1,-1,-1,-1,-1,-1
0,55,760,26,0,0,0,36,190499,-1,-1,-1,-1,-1,-1
0,55,426,32,0,2,0,47,249784,-1,-1,-1,-1,-1,-1
0,55,431,36,0,3,0,49,260633,-1,-1,-1,-1,-1,-1
0,55,424,39,0,2,0,52,276574,-1,-1,-1,-1,-1,-1
0,55,758,32,0,0,0,53,280362,-1,-1,-1,-1,-1,-1
0,55,750,20,0,0,1,94,501267,-1,-1,-1,-1,-1,-1
0,55,425,33,0,2,1,93,494600,-1,-1,-1,-1,-1,-1
0,55,749,30,0,0,1,91,485244,-1,-1,-1,-1,-1,-1
0,55,428,26,0,2,1,91,484377,-1,-1,-1,-1,-1,-1
0,55,429,51,0,1,1,85,451491,-1,-1,-1,-1,-1,-1
0,55,421,24,0,2,1,64,341887,-1,-1,-1,-1,-1,-1
0,55,422,35,0,2,1,63,336118,-1,-1,-1,-1,-1,-1
0,55,423,27,0,2,1,60,320691,-1,-1,-1,-1,-1,-1
0,55,752,27,0,0,1,57,305782,-1,-1,-1,-1,-1,-1
0,55,753,34,0,0,1,53,284543,-1,-1,-1,-1,-1,-1
0,55,420,47,0,3,1,52,277364,-1,-1,-1,-1,-1,-1
0,55,751,20,0,0,1,36,195024,-1,-1,-1,-1,-1,-1
0,55,427,35,0,3,1,35,188303,-1,-1,-1,-1,-1,-1
